795
399
545
909
109.9
324.9
192.9
215
999
319
350
249
299
235.9
348
314
399
599
299
425
1100
1500
110
200
134.9
250
950
239.95
170
285
279
219
155
389
340
95
140
1100
360
415
250
559
525
779
595
1150
550
500
279
375
330
199
165
1399
255
325
789
498
430
539.9
499
275
499
899
1045
774
239
195
325
320
275
329
140
409
167.9
325
119
245
259.9
495
399
329.7
199
149
225
195
359.9
799
595
89
129.9
375
599
235
255.9
148.9
749
189.9
183
232.6
520
355
275
225
161.9
249.999
208
135
385
750
810
890
895
229.9
240
429
399
385
294.9
399
269
449
555.9
319.9
332
499
432
199
29
299
259
99
779
839
525
795
337
164.9
449
94
899
180
194.9
350
167.77
309.9
479
350
350
275
379
155.9
229
604.995
599
359
199
164.9
179
370
999
365
345
299
519.5
645
242.5
259.9
310
450
220
585
324
375
329
599.9
74.9
285
751.9
295
170
197
1250
249
179
132
425
290
150
150
150
150
150
205
599
269
249
235
469
159
69.9
1499
239
399.5
299.9
275
395
105
179.999
219
325
829.9
165
179
279
820
399
164.9
235
1900
289
355
199
209
186.9
240
515
215
399.9
369
250
259
180
399.9
385
154
254.9
315
437.5
299.9
399
330
279
248
209
729
454.5
249
1700
349
575
185
165
311.9
175
180
78
142.9
850
389
641.9
305
260
320
199
299
289
229.9
865
900
199
160
299
300
270
490
295
225
324.9
165
157.9
299
369
233
109.9
309
1799
209.9
499
525
650
529
179
282
899
130
205
180.9
409.9
409.9
469
289
99.999
445
640
185
210
199.9
225
369.9
120
199
520
579
300
325
225
395
399
165
374.9
199.9
365
222.9
249.9
290
170.5
560
339.9
550
269.9
350
214
299.9
139.5
360
315
279.9
399
475
65.9
212
180
210
375
106.9
221.83
239
187.5
445
309
315
191.1
699.9
189.5
199
359
264.45
459
150
875
599
250
165
229.9
229.9
269.9
245
165
429
309.9
265
169.9
380.9
315
260
119.9
211.5
149
890
289.9
289
399.9
125
359.9
239
199.9
179.9
195
299
265
699
275
169.99
189
695
105
365
335.9
170
339.9
359.9
143
199
374.8
499
138.9
1999
359
294.9
299.5
427.9
269
449
144.9
345
239
310
225
695
242.5
249.25
479
169.9
219.9
150
649
285
163.999
349
409.9
275
179.9
789
299
850
295.9
199
199.9
179.9
290
168
270
1249
240
219.5
235
239.8
269
319.2
402.5
425
669
369
239.9
249.5
557
339.9
149.9
849.9
307
259
165
289.9
879
220
309
580
459.9
299
309.9
287
310
229.9
377
295
225
130
169.99
145
184.8
189.9
249
185
145
429
419
245
289.9
175
139
514.9
549
235
399
259.9
350.9
1399.9
399
399
199
350
296.8
165
210
229
199.5
110
264.9
449.9
159.9
429
265
279.9
174.9
158.9
150
269
489.9
256
335
435
280
409
409
399
389
222.6
140
220
650
405
409
164.9
59.9
199.9
95
170
720
204
220
498.9
229.9
531.905
114.9
145
191.33
199.9
266.8
84.9
250
220
227.9
384.9
529
159.9
199
125
91.5
155
409
949
90
300
179.9
349
220
155
390
425
249.9
239
395
375
395
395
230
189
304.9
169.9
286.5
325
375
278
149
209
95
199.9
185
449.9
310
239.9
187.9
450
440
260
40.9
249
349
175
449.97
419
400
185
139.9
174.9
165.36
169
240
364
250
299.9
281.9
349.9
220
774.8
135
149.9
599
179
177
177
122.5
239.5
214.9
275
425
274.9
175
535
540
389
250
425
1195
1350
78.5
549
399.9
699
129
480
189
639.9
699.9
999
599
365
359.9
995
193.45
179.9
329.9
509
995
545
795
830
54.5
149
36
349
299.9
469
1195
419.9
189
163.9
163.9
648
130
264.9
189.9
200
1249
525
729
109.9
850
249.5
179.9
149
549
435
299
625
399
186.9
1290
264.9
198.9
318
2000
598
439.9
920
179.9
325
369
312.9
575
26.5
2369
67.5
1490
652
449
982.8
235
579.9
250
100
125
650
119.9
209.9
524.9
349
349
825
255
259
199
410
199
270
695
2995
131.9
995
250
239.8
425
525
459.9
229.9
199.9
599
197.6
355
339.9
299
166.8
379
1395
150
475
265
265
225
249.9
509
214.9
5499
349.9
125
549
865
1600
1065
625
249.999
975
204.9
355
134.9
199.9
349.9
99
409
339
595
849.5
399
399
525
319.9
495
372
589
1100
